(0,0,10,11)(0,32,10,9)(0,64,10,9)(0,96,10,9)(0,128,10,12)(0,160,10,4)(0,192,10,4)(0,224,10,4)(0,256,10,4)(0,288,10,4)(0,320,10,4)(0,352,10,4)(0,384,10,11)(0,416,10,9)(0,448,10,9)(0,480,10,9)(0,512,10,9)(0,544,10,9)(0,576,10,9)(0,608,10,9)(0,640,10,12)(0,672,10,4)(0,704,10,4)(0,736,10,4)(0,768,10,4)(0,800,10,4)(0,832,10,4)(0,864,10,4)(0,896,10,4)(0,928,10,4)
(32,0,10,5)(32,32,6,2)(32,64,6,2)(32,96,6,2)(32,128,10,3)(32,160,10,4)(32,192,10,11)(32,224,10,9)(32,256,10,9)(32,288,10,9)(32,320,10,9)(32,352,10,9)(32,384,10,10)(32,416,6,2)(32,448,6,2)(32,480,6,2)(32,512,6,2)(32,544,6,2)(32,576,6,2)(32,608,6,2)(32,640,10,8)(32,672,10,9)(32,704,10,9)(32,736,10,12)(32,768,10,4)(32,800,10,4)(32,832,10,4)(32,864,10,4)(32,896,10,4)(32,928,10,4)
(64,0,10,5)(64,32,6,2)(64,64,6,2)(64,96,6,2)(64,128,10,3)(64,160,10,11)(64,192,10,10)(64,224,6,2)(64,256,6,2)(64,288,6,2)(64,320,6,2)(64,352,6,2)(64,384,6,2)(64,416,6,2)(64,448,6,2)(64,480,6,2)(64,512,6,2)(64,544,6,2)(64,576,6,2)(64,608,6,2)(64,640,6,2)(64,672,6,2)(64,704,6,2)(64,736,10,3)(64,768,10,4)(64,800,10,4)(64,832,10,4)(64,864,10,4)(64,896,10,4)(64,928,10,4)
(96,0,10,5)(96,32,6,2)(96,64,6,2)(96,96,6,2)(96,128,10,3)(96,160,10,5)(96,192,6,2)(96,224,6,2)(96,256,6,2)(96,288,6,2)(96,320,6,2)(96,352,6,2)(96,384,6,2)(96,416,6,2)(96,448,6,2)(96,480,6,2)(96,512,6,2)(96,544,6,2)(96,576,6,2)(96,608,6,2)(96,640,6,2)(96,672,6,2)(96,704,6,2)(96,736,10,14)(96,768,10,4)(96,800,10,4)(96,832,10,4)(96,864,10,4)(96,896,10,4)(96,928,10,4)
(128,0,10,5)(128,32,6,2)(128,64,6,2)(128,96,6,2)(128,128,10,3)(128,160,10,5)(128,192,6,2)(128,224,6,2)(128,256,6,2)(128,288,6,2)(128,320,10,13)(128,352,6,2)(128,384,6,2)(128,416,6,2)(128,448,6,2)(128,480,6,2)(128,512,6,2)(128,544,6,2)(128,576,6,2)(128,608,6,2)(128,640,6,2)(128,672,6,2)(128,704,6,2)(128,736,10,3)(128,768,10,4)(128,800,10,4)(128,832,10,4)(128,864,10,4)(128,896,10,4)(128,928,10,4)
(160,0,10,5)(160,32,6,2)(160,64,6,2)(160,96,10,0)(160,128,10,7)(160,160,10,6)(160,192,10,2)(160,224,6,2)(160,256,6,2)(160,288,6,2)(160,320,6,2)(160,352,6,2)(160,384,6,2)(160,416,6,2)(160,448,6,2)(160,480,6,2)(160,512,6,2)(160,544,6,2)(160,576,6,2)(160,608,6,2)(160,640,6,2)(160,672,6,2)(160,704,10,0)(160,736,10,7)(160,768,10,4)(160,800,10,4)(160,832,10,4)(160,864,10,4)(160,896,10,4)(160,928,10,4)
(192,0,10,5)(192,32,6,2)(192,64,10,0)(192,96,10,7)(192,128,10,4)(192,160,10,4)(192,192,10,6)(192,224,10,2)(192,256,6,2)(192,288,6,2)(192,320,6,2)(192,352,6,2)(192,384,6,2)(192,416,10,13)(192,448,6,2)(192,480,6,2)(192,512,6,2)(192,544,6,2)(192,576,6,2)(192,608,6,2)(192,640,6,2)(192,672,10,0)(192,704,10,7)(192,736,10,4)(192,768,10,4)(192,800,10,4)(192,832,10,4)(192,864,10,4)(192,896,10,4)(192,928,10,4)
(224,0,10,5)(224,32,6,2)(224,64,10,8)(224,96,10,9)(224,128,10,12)(224,160,10,4)(224,192,10,11)(224,224,10,10)(224,256,6,2)(224,288,6,2)(224,320,6,2)(224,352,6,2)(224,384,6,2)(224,416,6,2)(224,448,6,2)(224,480,6,2)(224,512,6,2)(224,544,6,2)(224,576,10,0)(224,608,10,1)(224,640,10,1)(224,672,10,7)(224,704,10,4)(224,736,10,4)(224,768,10,4)(224,800,10,4)(224,832,10,4)(224,864,10,4)(224,896,10,4)(224,928,10,4)
(256,0,10,5)(256,32,6,2)(256,64,6,2)(256,96,6,2)(256,128,10,8)(256,160,10,9)(256,192,10,10)(256,224,6,2)(256,256,6,2)(256,288,6,2)(256,320,6,2)(256,352,6,2)(256,384,6,2)(256,416,6,2)(256,448,10,0)(256,480,10,1)(256,512,10,1)(256,544,10,1)(256,576,10,7)(256,608,10,4)(256,640,10,4)(256,672,10,4)(256,704,10,4)(256,736,10,4)(256,768,10,4)(256,800,10,4)(256,832,10,4)(256,864,10,4)(256,896,10,4)(256,928,10,4)
(288,0,10,5)(288,32,6,2)(288,64,6,2)(288,96,6,2)(288,128,6,2)(288,160,6,2)(288,192,6,2)(288,224,6,2)(288,256,10,0)(288,288,10,1)(288,320,10,1)(288,352,10,1)(288,384,10,1)(288,416,10,1)(288,448,10,7)(288,480,10,4)(288,512,10,4)(288,544,10,4)(288,576,10,4)(288,608,10,4)(288,640,10,4)(288,672,10,4)(288,704,10,4)(288,736,10,4)(288,768,10,4)(288,800,10,4)(288,832,10,4)(288,864,10,4)(288,896,10,4)(288,928,10,4)
(320,0,10,5)(320,32,6,2)(320,64,6,2)(320,96,10,13)(320,128,6,2)(320,160,6,2)(320,192,6,2)(320,224,6,2)(320,256,10,3)(320,288,10,4)(320,320,10,11)(320,352,10,9)(320,384,10,9)(320,416,10,9)(320,448,10,9)(320,480,10,9)(320,512,10,9)(320,544,10,9)(320,576,10,12)(320,608,10,4)(320,640,10,4)(320,672,10,4)(320,704,10,4)(320,736,10,4)(320,768,10,4)(320,800,10,4)(320,832,10,4)(320,864,10,4)(320,896,10,4)(320,928,10,4)
(352,0,10,6)(352,32,10,2)(352,64,6,2)(352,96,6,2)(352,128,6,2)(352,160,6,2)(352,192,6,2)(352,224,6,2)(352,256,10,3)(352,288,10,4)(352,320,10,5)(352,352,6,2)(352,384,6,2)(352,416,6,2)(352,448,6,2)(352,480,6,2)(352,512,6,2)(352,544,6,2)(352,576,10,3)(352,608,10,4)(352,640,10,4)(352,672,10,4)(352,704,10,4)(352,736,10,4)(352,768,10,4)(352,800,10,4)(352,832,10,4)(352,864,10,4)(352,896,10,4)(352,928,10,4)
(384,0,10,11)(384,32,10,10)(384,64,6,2)(384,96,6,2)(384,128,6,2)(384,160,6,2)(384,192,10,0)(384,224,10,1)(384,256,10,7)(384,288,10,11)(384,320,10,10)(384,352,6,2)(384,384,6,2)(384,416,6,2)(384,448,6,2)(384,480,6,2)(384,512,6,2)(384,544,6,2)(384,576,10,8)(384,608,10,9)(384,640,10,9)(384,672,10,12)(384,704,10,4)(384,736,10,4)(384,768,10,4)(384,800,10,4)(384,832,10,4)(384,864,10,4)(384,896,10,4)(384,928,10,4)
(416,0,10,5)(416,32,6,2)(416,64,6,2)(416,96,6,2)(416,128,6,2)(416,160,6,2)(416,192,10,8)(416,224,10,9)(416,256,10,9)(416,288,10,10)(416,320,6,2)(416,352,6,2)(416,384,6,2)(416,416,6,2)(416,448,6,2)(416,480,6,2)(416,512,6,2)(416,544,6,2)(416,576,6,2)(416,608,6,2)(416,640,6,2)(416,672,10,3)(416,704,10,4)(416,736,10,4)(416,768,10,4)(416,800,10,4)(416,832,10,4)(416,864,10,4)(416,896,10,4)(416,928,10,4)
(448,0,10,5)(448,32,6,2)(448,64,6,2)(448,96,6,2)(448,128,6,2)(448,160,6,2)(448,192,6,2)(448,224,6,2)(448,256,6,2)(448,288,6,2)(448,320,6,2)(448,352,6,2)(448,384,6,2)(448,416,6,2)(448,448,6,2)(448,480,6,2)(448,512,6,2)(448,544,6,2)(448,576,6,2)(448,608,6,2)(448,640,6,2)(448,672,10,3)(448,704,10,4)(448,736,10,4)(448,768,10,4)(448,800,10,4)(448,832,10,4)(448,864,10,4)(448,896,10,4)(448,928,10,4)
(480,0,10,5)(480,32,6,2)(480,64,6,2)(480,96,6,2)(480,128,6,2)(480,160,6,2)(480,192,6,2)(480,224,6,2)(480,256,6,2)(480,288,6,2)(480,320,6,2)(480,352,6,2)(480,384,6,2)(480,416,6,2)(480,448,6,2)(480,480,6,2)(480,512,6,2)(480,544,6,2)(480,576,6,2)(480,608,6,2)(480,640,6,2)(480,672,10,8)(480,704,10,9)(480,736,10,9)(480,768,10,9)(480,800,10,12)(480,832,10,4)(480,864,10,4)(480,896,10,4)(480,928,10,4)
(512,0,10,5)(512,32,6,2)(512,64,6,2)(512,96,10,0)(512,128,10,1)(512,160,10,1)(512,192,10,2)(512,224,6,2)(512,256,6,2)(512,288,6,2)(512,320,6,2)(512,352,6,2)(512,384,6,2)(512,416,6,2)(512,448,6,2)(512,480,6,2)(512,512,6,2)(512,544,6,2)(512,576,6,2)(512,608,6,2)(512,640,6,2)(512,672,6,2)(512,704,6,2)(512,736,6,2)(512,768,6,2)(512,800,10,3)(512,832,10,4)(512,864,10,4)(512,896,10,4)(512,928,10,4)
(544,0,10,5)(544,32,6,2)(544,64,6,2)(544,96,10,3)(544,128,10,4)(544,160,10,4)(544,192,10,6)(544,224,10,1)(544,256,10,1)(544,288,10,1)(544,320,10,1)(544,352,10,1)(544,384,10,1)(544,416,10,1)(544,448,10,1)(544,480,10,1)(544,512,10,1)(544,544,10,2)(544,576,6,2)(544,608,6,2)(544,640,6,2)(544,672,6,2)(544,704,6,2)(544,736,6,2)(544,768,6,2)(544,800,10,8)(544,832,10,9)(544,864,10,12)(544,896,10,4)(544,928,10,4)
(576,0,10,5)(576,32,6,2)(576,64,6,2)(576,96,10,3)(576,128,10,4)(576,160,10,4)(576,192,10,4)(576,224,10,4)(576,256,10,4)(576,288,10,4)(576,320,10,4)(576,352,10,4)(576,384,10,11)(576,416,10,9)(576,448,10,9)(576,480,10,9)(576,512,10,12)(576,544,10,6)(576,576,10,2)(576,608,6,2)(576,640,6,2)(576,672,6,2)(576,704,6,2)(576,736,6,2)(576,768,6,2)(576,800,6,2)(576,832,6,2)(576,864,10,3)(576,896,10,4)(576,928,10,4)
(608,0,10,5)(608,32,6,2)(608,64,6,2)(608,96,10,3)(608,128,10,4)(608,160,10,4)(608,192,10,4)(608,224,10,11)(608,256,10,9)(608,288,10,9)(608,320,10,9)(608,352,10,9)(608,384,10,10)(608,416,6,2)(608,448,6,2)(608,480,6,2)(608,512,10,8)(608,544,10,12)(608,576,10,6)(608,608,10,1)(608,640,10,1)(608,672,10,1)(608,704,10,2)(608,736,6,2)(608,768,6,2)(608,800,6,2)(608,832,6,2)(608,864,10,8)(608,896,10,9)(608,928,10,12)
(640,0,10,5)(640,32,6,2)(640,64,6,2)(640,96,10,8)(640,128,10,9)(640,160,10,9)(640,192,10,9)(640,224,10,10)(640,256,6,2)(640,288,6,2)(640,320,6,2)(640,352,6,2)(640,384,6,2)(640,416,6,2)(640,448,6,2)(640,480,6,2)(640,512,6,2)(640,544,10,8)(640,576,10,9)(640,608,10,9)(640,640,10,9)(640,672,10,12)(640,704,10,5)(640,736,6,2)(640,768,6,2)(640,800,6,2)(640,832,6,2)(640,864,6,2)(640,896,6,2)(640,928,10,3)
(672,0,10,5)(672,32,6,2)(672,64,6,2)(672,96,6,2)(672,128,6,2)(672,160,6,2)(672,192,6,2)(672,224,6,2)(672,256,6,2)(672,288,6,2)(672,320,6,2)(672,352,6,2)(672,384,6,2)(672,416,6,2)(672,448,10,13)(672,480,6,2)(672,512,6,2)(672,544,6,2)(672,576,6,2)(672,608,6,2)(672,640,6,2)(672,672,10,3)(672,704,10,5)(672,736,6,2)(672,768,6,2)(672,800,6,2)(672,832,6,2)(672,864,6,2)(672,896,6,2)(672,928,10,3)
(704,0,10,5)(704,32,6,2)(704,64,6,2)(704,96,6,2)(704,128,6,2)(704,160,6,2)(704,192,6,2)(704,224,6,2)(704,256,6,2)(704,288,10,0)(704,320,10,1)(704,352,10,1)(704,384,10,2)(704,416,6,2)(704,448,6,2)(704,480,6,2)(704,512,6,2)(704,544,6,2)(704,576,6,2)(704,608,6,2)(704,640,6,2)(704,672,10,8)(704,704,10,10)(704,736,6,2)(704,768,6,2)(704,800,6,2)(704,832,6,2)(704,864,6,2)(704,896,6,2)(704,928,10,3)
(736,0,10,5)(736,32,6,2)(736,64,6,2)(736,96,6,2)(736,128,6,2)(736,160,6,2)(736,192,6,2)(736,224,6,2)(736,256,10,0)(736,288,10,7)(736,320,10,4)(736,352,10,4)(736,384,10,5)(736,416,6,2)(736,448,6,2)(736,480,6,2)(736,512,6,2)(736,544,6,2)(736,576,6,2)(736,608,6,2)(736,640,6,2)(736,672,6,2)(736,704,6,2)(736,736,6,2)(736,768,6,2)(736,800,6,2)(736,832,6,2)(736,864,6,2)(736,896,6,2)(736,928,10,3)
(768,0,10,5)(768,32,6,2)(768,64,6,2)(768,96,6,2)(768,128,6,2)(768,160,6,2)(768,192,6,2)(768,224,10,0)(768,256,10,7)(768,288,10,4)(768,320,10,4)(768,352,10,4)(768,384,10,5)(768,416,6,2)(768,448,10,0)(768,480,10,1)(768,512,10,1)(768,544,10,1)(768,576,10,2)(768,608,6,2)(768,640,6,2)(768,672,6,2)(768,704,6,2)(768,736,6,2)(768,768,6,2)(768,800,6,2)(768,832,6,2)(768,864,10,13)(768,896,6,2)(768,928,10,3)
(800,0,10,5)(800,32,6,2)(800,64,6,2)(800,96,6,2)(800,128,6,2)(800,160,6,2)(800,192,10,0)(800,224,10,7)(800,256,10,4)(800,288,10,4)(800,320,10,4)(800,352,10,4)(800,384,10,6)(800,416,10,2)(800,448,10,8)(800,480,10,12)(800,512,10,4)(800,544,10,4)(800,576,10,5)(800,608,6,2)(800,640,6,2)(800,672,6,2)(800,704,6,2)(800,736,6,2)(800,768,6,2)(800,800,6,2)(800,832,6,2)(800,864,6,2)(800,896,6,2)(800,928,10,3)
(832,0,10,5)(832,32,6,2)(832,64,6,2)(832,96,6,2)(832,128,6,2)(832,160,6,2)(832,192,10,8)(832,224,10,12)(832,256,10,4)(832,288,10,4)(832,320,10,4)(832,352,10,4)(832,384,10,4)(832,416,10,6)(832,448,10,1)(832,480,10,7)(832,512,10,4)(832,544,10,4)(832,576,10,5)(832,608,6,2)(832,640,6,2)(832,672,6,2)(832,704,6,2)(832,736,10,13)(832,768,6,2)(832,800,6,2)(832,832,6,2)(832,864,6,2)(832,896,6,2)(832,928,10,3)
(864,0,10,6)(864,32,10,1)(864,64,10,1)(864,96,10,1)(864,128,10,1)(864,160,10,1)(864,192,10,1)(864,224,10,7)(864,256,10,4)(864,288,10,4)(864,320,10,4)(864,352,10,4)(864,384,10,4)(864,416,10,4)(864,448,10,4)(864,480,10,4)(864,512,10,4)(864,544,10,4)(864,576,10,6)(864,608,10,1)(864,640,10,2)(864,672,6,2)(864,704,6,2)(864,736,6,2)(864,768,6,2)(864,800,6,2)(864,832,6,2)(864,864,6,2)(864,896,6,2)(864,928,10,3)
(896,0,10,4)(896,32,10,4)(896,64,10,4)(896,96,10,4)(896,128,10,4)(896,160,10,4)(896,192,10,4)(896,224,10,4)(896,256,10,4)(896,288,10,4)(896,320,10,4)(896,352,10,4)(896,384,10,4)(896,416,10,4)(896,448,10,4)(896,480,10,4)(896,512,10,4)(896,544,10,4)(896,576,10,4)(896,608,10,4)(896,640,10,5)(896,672,6,2)(896,704,6,2)(896,736,6,2)(896,768,6,2)(896,800,6,2)(896,832,6,2)(896,864,6,2)(896,896,6,2)(896,928,10,3)
(928,0,10,4)(928,32,10,4)(928,64,10,4)(928,96,10,4)(928,128,10,4)(928,160,10,4)(928,192,10,4)(928,224,10,4)(928,256,10,4)(928,288,10,4)(928,320,10,4)(928,352,10,4)(928,384,10,4)(928,416,10,4)(928,448,10,4)(928,480,10,4)(928,512,10,4)(928,544,10,4)(928,576,10,4)(928,608,10,4)(928,640,10,5)(928,672,6,2)(928,704,6,2)(928,736,6,2)(928,768,6,2)(928,800,6,2)(928,832,6,2)(928,864,6,2)(928,896,6,2)(928,928,10,3)
(960,0,10,4)(960,32,10,4)(960,64,10,11)(960,96,10,9)(960,128,10,12)(960,160,10,4)(960,192,10,4)(960,224,10,4)(960,256,10,4)(960,288,10,4)(960,320,10,4)(960,352,10,4)(960,384,10,4)(960,416,10,4)(960,448,10,11)(960,480,10,9)(960,512,10,9)(960,544,10,9)(960,576,10,9)(960,608,10,9)(960,640,10,10)(960,672,6,2)(960,704,6,2)(960,736,6,2)(960,768,6,2)(960,800,6,2)(960,832,6,2)(960,864,6,2)(960,896,6,2)(960,928,10,3)
(992,0,10,4)(992,32,10,11)(992,64,10,10)(992,96,6,2)(992,128,10,8)(992,160,10,9)(992,192,10,9)(992,224,10,12)(992,256,10,4)(992,288,10,4)(992,320,10,4)(992,352,10,4)(992,384,10,4)(992,416,10,4)(992,448,10,5)(992,480,6,2)(992,512,6,2)(992,544,6,2)(992,576,6,2)(992,608,6,2)(992,640,6,2)(992,672,6,2)(992,704,6,2)(992,736,6,2)(992,768,6,2)(992,800,6,2)(992,832,6,2)(992,864,10,0)(992,896,10,1)(992,928,10,7)
(1024,0,10,11)(1024,32,10,10)(1024,64,6,2)(1024,96,6,2)(1024,128,6,2)(1024,160,6,2)(1024,192,6,2)(1024,224,10,8)(1024,256,10,12)(1024,288,10,4)(1024,320,10,4)(1024,352,10,4)(1024,384,10,4)(1024,416,10,4)(1024,448,10,5)(1024,480,6,2)(1024,512,6,2)(1024,544,6,2)(1024,576,6,2)(1024,608,6,2)(1024,640,6,2)(1024,672,6,2)(1024,704,6,2)(1024,736,6,2)(1024,768,6,2)(1024,800,6,2)(1024,832,6,2)(1024,864,10,3)(1024,896,10,4)(1024,928,10,4)
(1056,0,10,5)(1056,32,6,2)(1056,64,6,2)(1056,96,6,2)(1056,128,6,2)(1056,160,6,2)(1056,192,6,2)(1056,224,6,2)(1056,256,10,8)(1056,288,10,12)(1056,320,10,4)(1056,352,10,4)(1056,384,10,4)(1056,416,10,4)(1056,448,10,6)(1056,480,10,2)(1056,512,6,2)(1056,544,6,2)(1056,576,6,2)(1056,608,6,2)(1056,640,6,2)(1056,672,6,2)(1056,704,6,2)(1056,736,10,0)(1056,768,10,1)(1056,800,10,1)(1056,832,10,1)(1056,864,10,7)(1056,896,10,4)(1056,928,10,4)
(1088,0,10,5)(1088,32,6,2)(1088,64,6,2)(1088,96,6,2)(1088,128,6,2)(1088,160,6,2)(1088,192,6,2)(1088,224,6,2)(1088,256,6,2)(1088,288,10,8)(1088,320,10,9)(1088,352,10,12)(1088,384,10,4)(1088,416,10,4)(1088,448,10,4)(1088,480,10,5)(1088,512,6,2)(1088,544,6,2)(1088,576,6,2)(1088,608,10,0)(1088,640,10,1)(1088,672,10,1)(1088,704,10,1)(1088,736,10,7)(1088,768,10,4)(1088,800,10,4)(1088,832,10,4)(1088,864,10,4)(1088,896,10,4)(1088,928,10,4)
(1120,0,10,5)(1120,32,6,2)(1120,64,6,2)(1120,96,6,2)(1120,128,6,2)(1120,160,6,2)(1120,192,6,2)(1120,224,6,2)(1120,256,6,2)(1120,288,6,2)(1120,320,6,2)(1120,352,10,3)(1120,384,10,4)(1120,416,10,4)(1120,448,10,4)(1120,480,10,5)(1120,512,6,2)(1120,544,10,0)(1120,576,10,1)(1120,608,10,7)(1120,640,10,4)(1120,672,10,4)(1120,704,10,4)(1120,736,10,11)(1120,768,10,9)(1120,800,10,9)(1120,832,10,12)(1120,864,10,4)(1120,896,10,4)(1120,928,10,4)
(1152,0,10,5)(1152,32,6,2)(1152,64,6,2)(1152,96,6,2)(1152,128,6,2)(1152,160,6,2)(1152,192,6,2)(1152,224,10,13)(1152,256,6,2)(1152,288,6,2)(1152,320,6,2)(1152,352,10,8)(1152,384,10,9)(1152,416,10,9)(1152,448,10,9)(1152,480,10,10)(1152,512,6,2)(1152,544,10,3)(1152,576,10,4)(1152,608,10,4)(1152,640,10,11)(1152,672,10,9)(1152,704,10,9)(1152,736,10,10)(1152,768,6,2)(1152,800,6,2)(1152,832,10,3)(1152,864,10,4)(1152,896,10,4)(1152,928,10,4)
(1184,0,10,5)(1184,32,6,2)(1184,64,6,2)(1184,96,6,2)(1184,128,6,2)(1184,160,6,2)(1184,192,6,2)(1184,224,6,2)(1184,256,10,0)(1184,288,10,1)(1184,320,10,1)(1184,352,10,2)(1184,384,6,2)(1184,416,6,2)(1184,448,6,2)(1184,480,6,2)(1184,512,6,2)(1184,544,10,8)(1184,576,10,9)(1184,608,10,9)(1184,640,10,10)(1184,672,6,2)(1184,704,6,2)(1184,736,6,2)(1184,768,6,2)(1184,800,6,2)(1184,832,10,8)(1184,864,10,9)(1184,896,10,12)(1184,928,10,4)
(1216,0,10,5)(1216,32,6,2)(1216,64,6,2)(1216,96,6,2)(1216,128,6,2)(1216,160,10,0)(1216,192,10,1)(1216,224,10,1)(1216,256,10,7)(1216,288,10,11)(1216,320,10,9)(1216,352,10,10)(1216,384,6,2)(1216,416,6,2)(1216,448,6,2)(1216,480,6,2)(1216,512,6,2)(1216,544,6,2)(1216,576,6,2)(1216,608,6,2)(1216,640,6,2)(1216,672,6,2)(1216,704,6,2)(1216,736,6,2)(1216,768,6,2)(1216,800,6,2)(1216,832,6,2)(1216,864,6,2)(1216,896,10,3)(1216,928,10,4)
(1248,0,10,5)(1248,32,6,2)(1248,64,6,2)(1248,96,6,2)(1248,128,6,2)(1248,160,10,3)(1248,192,10,4)(1248,224,10,4)(1248,256,10,4)(1248,288,10,5)(1248,320,6,2)(1248,352,6,2)(1248,384,6,2)(1248,416,6,2)(1248,448,6,2)(1248,480,6,2)(1248,512,6,2)(1248,544,6,2)(1248,576,6,2)(1248,608,6,2)(1248,640,6,2)(1248,672,6,2)(1248,704,10,0)(1248,736,10,1)(1248,768,10,2)(1248,800,6,2)(1248,832,6,2)(1248,864,6,2)(1248,896,10,8)(1248,928,10,12)
(1280,0,10,5)(1280,32,6,2)(1280,64,6,2)(1280,96,6,2)(1280,128,6,2)(1280,160,10,3)(1280,192,10,4)(1280,224,10,4)(1280,256,10,4)(1280,288,10,5)(1280,320,6,2)(1280,352,6,2)(1280,384,6,2)(1280,416,6,2)(1280,448,6,2)(1280,480,6,2)(1280,512,6,2)(1280,544,6,2)(1280,576,10,0)(1280,608,10,1)(1280,640,10,1)(1280,672,10,1)(1280,704,10,7)(1280,736,10,4)(1280,768,10,5)(1280,800,6,2)(1280,832,6,2)(1280,864,6,2)(1280,896,6,2)(1280,928,10,3)
(1312,0,10,5)(1312,32,6,2)(1312,64,6,2)(1312,96,6,2)(1312,128,6,2)(1312,160,10,3)(1312,192,10,4)(1312,224,10,4)(1312,256,10,4)(1312,288,10,5)(1312,320,6,2)(1312,352,6,2)(1312,384,6,2)(1312,416,6,2)(1312,448,10,13)(1312,480,6,2)(1312,512,6,2)(1312,544,6,2)(1312,576,10,3)(1312,608,10,4)(1312,640,10,4)(1312,672,10,4)(1312,704,10,11)(1312,736,10,9)(1312,768,10,10)(1312,800,6,2)(1312,832,6,2)(1312,864,6,2)(1312,896,6,2)(1312,928,10,3)
(1344,0,10,6)(1344,32,10,2)(1344,64,6,2)(1344,96,6,2)(1344,128,6,2)(1344,160,10,3)(1344,192,10,4)(1344,224,10,4)(1344,256,10,4)(1344,288,10,5)(1344,320,6,2)(1344,352,6,2)(1344,384,6,2)(1344,416,10,13)(1344,448,6,2)(1344,480,6,2)(1344,512,6,2)(1344,544,6,2)(1344,576,10,3)(1344,608,10,4)(1344,640,10,4)(1344,672,10,11)(1344,704,10,10)(1344,736,6,2)(1344,768,6,2)(1344,800,6,2)(1344,832,6,2)(1344,864,6,2)(1344,896,6,2)(1344,928,10,3)
(1376,0,10,4)(1376,32,10,5)(1376,64,6,2)(1376,96,6,2)(1376,128,6,2)(1376,160,10,8)(1376,192,10,9)(1376,224,10,9)(1376,256,10,9)(1376,288,10,10)(1376,320,6,2)(1376,352,6,2)(1376,384,6,2)(1376,416,6,2)(1376,448,6,2)(1376,480,6,2)(1376,512,6,2)(1376,544,6,2)(1376,576,10,3)(1376,608,10,4)(1376,640,10,4)(1376,672,10,5)(1376,704,6,2)(1376,736,10,13)(1376,768,6,2)(1376,800,6,2)(1376,832,6,2)(1376,864,10,0)(1376,896,10,1)(1376,928,10,7)
(1408,0,10,4)(1408,32,10,6)(1408,64,10,2)(1408,96,6,2)(1408,128,6,2)(1408,160,6,2)(1408,192,6,2)(1408,224,6,2)(1408,256,6,2)(1408,288,6,2)(1408,320,6,2)(1408,352,6,2)(1408,384,6,2)(1408,416,6,2)(1408,448,6,2)(1408,480,6,2)(1408,512,6,2)(1408,544,6,2)(1408,576,10,3)(1408,608,10,4)(1408,640,10,4)(1408,672,10,5)(1408,704,6,2)(1408,736,6,2)(1408,768,6,2)(1408,800,10,0)(1408,832,10,1)(1408,864,10,7)(1408,896,10,4)(1408,928,10,4)
(1440,0,10,4)(1440,32,10,4)(1440,64,10,6)(1440,96,10,2)(1440,128,6,2)(1440,160,6,2)(1440,192,6,2)(1440,224,6,2)(1440,256,6,2)(1440,288,6,2)(1440,320,6,2)(1440,352,6,2)(1440,384,6,2)(1440,416,6,2)(1440,448,10,0)(1440,480,10,1)(1440,512,10,1)(1440,544,10,1)(1440,576,10,7)(1440,608,10,4)(1440,640,10,4)(1440,672,10,5)(1440,704,6,2)(1440,736,6,2)(1440,768,6,2)(1440,800,10,8)(1440,832,10,9)(1440,864,10,9)(1440,896,10,9)(1440,928,10,12)
(1472,0,10,4)(1472,32,10,4)(1472,64,10,4)(1472,96,10,5)(1472,128,6,2)(1472,160,6,2)(1472,192,6,2)(1472,224,6,2)(1472,256,6,2)(1472,288,6,2)(1472,320,6,2)(1472,352,6,2)(1472,384,6,2)(1472,416,6,2)(1472,448,10,3)(1472,480,10,4)(1472,512,10,4)(1472,544,10,4)(1472,576,10,4)(1472,608,10,4)(1472,640,10,4)(1472,672,10,5)(1472,704,6,2)(1472,736,6,2)(1472,768,6,2)(1472,800,6,2)(1472,832,6,2)(1472,864,6,2)(1472,896,6,2)(1472,928,10,3)
(1504,0,10,4)(1504,32,10,4)(1504,64,10,4)(1504,96,10,6)(1504,128,10,2)(1504,160,6,2)(1504,192,6,2)(1504,224,6,2)(1504,256,6,2)(1504,288,6,2)(1504,320,6,2)(1504,352,6,2)(1504,384,6,2)(1504,416,6,2)(1504,448,10,3)(1504,480,10,4)(1504,512,10,4)(1504,544,10,4)(1504,576,10,4)(1504,608,10,4)(1504,640,10,4)(1504,672,10,5)(1504,704,6,2)(1504,736,6,2)(1504,768,6,2)(1504,800,6,2)(1504,832,6,2)(1504,864,6,2)(1504,896,6,2)(1504,928,10,14)
(1536,0,10,4)(1536,32,10,4)(1536,64,10,4)(1536,96,10,4)(1536,128,10,6)(1536,160,10,2)(1536,192,6,2)(1536,224,6,2)(1536,256,6,2)(1536,288,6,2)(1536,320,6,2)(1536,352,6,2)(1536,384,10,0)(1536,416,10,1)(1536,448,10,7)(1536,480,10,4)(1536,512,10,4)(1536,544,10,4)(1536,576,10,4)(1536,608,10,4)(1536,640,10,4)(1536,672,10,6)(1536,704,10,2)(1536,736,6,2)(1536,768,6,2)(1536,800,6,2)(1536,832,6,2)(1536,864,6,2)(1536,896,6,2)(1536,928,10,3)
(1568,0,10,4)(1568,32,10,4)(1568,64,10,4)(1568,96,10,4)(1568,128,10,4)(1568,160,10,6)(1568,192,10,1)(1568,224,10,1)(1568,256,10,1)(1568,288,10,1)(1568,320,10,1)(1568,352,10,1)(1568,384,10,7)(1568,416,10,4)(1568,448,10,4)(1568,480,10,4)(1568,512,10,4)(1568,544,10,4)(1568,576,10,4)(1568,608,10,4)(1568,640,10,4)(1568,672,10,4)(1568,704,10,6)(1568,736,10,1)(1568,768,10,1)(1568,800,10,1)(1568,832,10,1)(1568,864,10,1)(1568,896,10,1)(1568,928,10,7)
