(0,0,0,14)(0,32,0,15)(0,64,0,15)(0,96,0,15)(0,128,0,15)(0,160,0,16)
(32,0,1,14)(32,32,3,16)(32,64,3,16)(32,96,1,15)(32,128,1,15)(32,160,1,16)
(64,0,1,14)(64,32,1,15)(64,64,1,15)(64,96,1,15)(64,128,1,15)(64,160,1,16)
(96,0,1,14)(96,32,3,16)(96,64,3,16)(96,96,1,15)(96,128,1,15)(96,160,1,16)
(128,0,3,14)(128,32,3,15)(128,64,1,15)(128,96,1,15)(128,128,1,15)(128,160,1,16)
(160,0,4,14)(160,32,4,15)(160,64,1,15)(160,96,1,15)(160,128,1,15)(160,160,1,16)
(192,0,1,14)(192,32,1,15)(192,64,1,15)(192,96,1,15)(192,128,1,15)(192,160,1,16)
(224,0,1,14)(224,32,1,15)(224,64,1,15)(224,96,1,15)(224,128,1,15)(224,160,1,16)
(256,0,1,14)(256,32,1,15)(256,64,1,15)(256,96,1,15)(256,128,1,15)(256,160,1,16)
(288,0,1,14)(288,32,1,15)(288,64,1,15)(288,96,1,15)(288,128,1,15)(288,160,1,16)
(320,0,1,14)(320,32,5,14)(320,64,5,15)(320,96,1,15)(320,128,1,15)(320,160,1,3)
(352,0,2,14)(352,32,2,15)(352,64,2,15)(352,96,2,15)(352,128,2,15)(352,160,2,16)
